1    20135157    冯莉    87.57142857    1    
2    20135133    孙雨亭    86.92857143    2    
3    20135146    席忠    85.71428571    3    
4    20135142    姚健琪    85.64285714    4    
5    20135136    王慧娟    83.33333333    5    
6    20135155    凌策    83.0952381    6    
7    20135159    孔龙飞    82.33333333    7    
8    20135154    江敏琦    82.02380952    8    
9    20135099    杨雨欣    81.66666667    9    
10    20135130    刘啸婵    81.0952381    10    
11    20135134    洪宇    79.78571429    11    
12    20135135    郜贻飞    79.66666667    12    
13    20135147    吴常贵    79.64285714    13    
14    20135101    丁耀纲    79.52380952    14    
15    20135109    梁飞    79.52380952    15    
16    20135091    饶明清    79.42857143    16    
17    20135149    王俊    79.35714286    17    
18    20135083    王鹏    78.78571429    18    
19    20135158    陈远明    78.64285714    19    
20    20135103    何寿平    78.5    20    
21    20135108    张静    78.21428571    21    
22    20135110    李志华    78.21428571    22    
23    20135156    姜集君    77.52380952    23    
24    20135144    肖华敏    77.5    24    
25    20135082    靳博    77.42857143    25    
26    20135086    徐成夏    77.33333333    26    
27    20135153    龙学梁    77.19047619    27    
28    20135087    赖丰兰    77.14285714    28    
29    20135112    赖龙裘    77.07142857    29    
30    20135100    艾磊磊    76.92857143    30    
31    20135150    万雅敏    76.85714286    31    
32    20135113    李建辉    76.83333333    32    
33    20135145    曾红玉    76.83333333    33    
34    20135141    郑辉    76.23809524    34    
35    20135116    陈希邦    76.21428571    35    
36    20135139    谢婧曦    76.11904762    36    
37    20135129    邢广明    75.95238095    37    
38    20135107    刘良琛    75.78571429    38    
39    20135097    肖渴    75.35714286    39    
40    20135102    祝岳梅    75.30952381    40    
41    20135089    潘奥音仵    75.19047619    41    
42    20135098    朱发    74.73809524    42    
43    20135090    刘小菁    74.4047619    43    
44    20135117    吴正宏    74.35714286    44    
45    20135093    彭慧    74.26190476    45    
46    20135115    周国帅    74.07142857    46    
47    20135162    付为强    74.02631579    47    
48    20135105    唐旭    73.73809524    48    
49    20135096    谢储芳    73.71428571    49    
50    20135131    秦智飞    73.66666667    50    
51    20135085    薛爽    73.0952381    51    
52    20135152    饶昊    72.78571429    52    
53    20135137    陈锦涛    72.02380952    53    
54    20135111    崔庆庆    71.66666667    54    
55    20135151    黎娜    71.21428571    55    
56    20135095    夏伦道    70.64285714    56    
57    20135160    李世豪    70.28571429    57    
58    20135104    黄子文    69.73809524    58    
59    20135128    王乾    69.73809524    59    
60    20135132    欧阳晓武    67.57142857    60    
61    20135143    徐声鹏    67.28571429    61    
62    20135106    梅于文    67.11904762    62    
63    20135092    万坤    63.28571429    63    
64    20135138    连斌龙    61.5    64    
65    20135114    袁靖    60.78571429    65    
66    20135161    李国光    58.52380952    66    
67    20135157    冯莉    87.57142857    1    
68    20135133    孙雨亭    86.92857143    2    
69    20135146    席忠    85.71428571    3    
70    20135142    姚健琪    85.64285714    4    
71    20135136    王慧娟    83.33333333    5    
72    20135155    凌策    83.0952381    6    
73    20135159    孔龙飞    82.33333333    7    
74    20135154    江敏琦    82.02380952    8    
75    20135099    杨雨欣    81.66666667    9    
76    20135130    刘啸婵    81.0952381    10    
77    20135134    洪宇    79.78571429    11    
78    20135135    郜贻飞    79.66666667    12    
79    20135147    吴常贵    79.64285714    13    
80    20135101    丁耀纲    79.52380952    14    
81    20135109    梁飞    79.52380952    15    
82    20135091    饶明清    79.42857143    16    
83    20135149    王俊    79.35714286    17    
84    20135083    王鹏    78.78571429    18    
85    20135158    陈远明    78.64285714    19    
86    20135103    何寿平    78.5    20    
87    20135108    张静    78.21428571    21    
88    20135110    李志华    78.21428571    22    
89    20135156    姜集君    77.52380952    23    
90    20135144    肖华敏    77.5    24    
91    20135082    靳博    77.42857143    25    
92    20135086    徐成夏    77.33333333    26    
93    20135153    龙学梁    77.19047619    27    
94    20135087    赖丰兰    77.14285714    28    
95    20135112    赖龙裘    77.07142857    29    
96    20135100    艾磊磊    76.92857143    30    
97    20135150    万雅敏    76.85714286    31    
98    20135113    李建辉    76.83333333    32    
99    20135145    曾红玉    76.83333333    33    
100    20135141    郑辉    76.23809524    34    
101    20135116    陈希邦    76.21428571    35    
102    20135139    谢婧曦    76.11904762    36    
103    20135129    邢广明    75.95238095    37    
104    20135107    刘良琛    75.78571429    38    
105    20135097    肖渴    75.35714286    39    
106    20135102    祝岳梅    75.30952381    40    
107    20135089    潘奥音仵    75.19047619    41    
108    20135098    朱发    74.73809524    42    
109    20135090    刘小菁    74.4047619    43    
110    20135117    吴正宏    74.35714286    44    
111    20135093    彭慧    74.26190476    45    
112    20135115    周国帅    74.07142857    46    
113    20135162    付为强    74.02631579    47    
114    20135105    唐旭    73.73809524    48    
115    20135096    谢储芳    73.71428571    49    
116    20135131    秦智飞    73.66666667    50    
117    20135085    薛爽    73.0952381    51    
118    20135152    饶昊    72.78571429    52    
119    20135137    陈锦涛    72.02380952    53    
120    20135111    崔庆庆    71.66666667    54    
121    20135151    黎娜    71.21428571    55    
122    20135095    夏伦道    70.64285714    56    
123    20135160    李世豪    70.28571429    57    
124    20135104    黄子文    69.73809524    58    
125    20135128    王乾    69.73809524    59    
126    20135132    欧阳晓武    67.57142857    60    
127    20135143    徐声鹏    67.28571429    61    
128    20135106    梅于文    67.11904762    62    
129    20135092    万坤    63.28571429    63    
130    20135138    连斌龙    61.5    64    
131    20135114    袁靖    60.78571429    65    
132    20135161    李国光    58.52380952    66    
